2.409	0.000	0.129	1.351	0.010	0.400	2.094	0.350	
1.714	0.010	0.500	1.880	0.010	0.484	1.714	0.040	
1.886	0.000	0.100	1.169	0.010	0.100	1.564	0.400	
1.803	0.010	0.100	1.540	0.000	0.100	1.710	0.040	
1.218	0.000	0.283	1.545	0.010	0.100	1.549	0.040	
1.499	0.000	0.500	1.829	0.000	0.178	1.810	0.040	
1.095	0.010	0.500	1.769	0.000	0.100	1.471	0.347	
0.966	0.010	0.316	1.995	0.000	0.426	1.982	0.090	
1.404	0.000	0.500	1.710	0.000	0.100	1.466	0.338	
1.633	0.000	0.100	1.424	0.010	0.500	1.731	0.040	
1.960	0.010	0.500	1.340	0.000	0.284	2.333	0.217	
1.632	0.000	0.191	1.884	0.010	0.482	1.274	0.040	
1.642	0.000	0.356	1.346	0.010	0.100	2.234	0.045	
1.980	0.010	0.100	1.481	0.010	0.151	1.777	0.040	
2.145	0.010	0.188	1.367	0.000	0.228	1.662	0.400	
1.624	0.000	0.500	1.476	0.000	0.100	1.982	0.134	
2.189	0.000	0.100	1.870	0.010	0.100	2.011	0.400	
1.527	0.010	0.471	1.593	0.000	0.177	2.506	0.400	
1.503	0.010	0.500	1.517	0.000	0.500	1.491	0.400	
1.538	0.010	0.480	1.200	0.000	0.364	1.765	0.400	
1.807	0.000	0.100	1.151	0.010	0.500	1.455	0.363	
1.460	0.010	0.100	1.701	0.000	0.500	2.019	0.152	
1.304	0.000	0.100	1.906	0.010	0.100	2.249	0.321	
2.048	0.010	0.500	1.821	0.000	0.425	1.703	0.400	
2.023	0.010	0.500	1.921	0.010	0.230	1.655	0.400	
1.492	0.010	0.500	1.482	0.010	0.100	2.496	0.321	
1.533	0.010	0.500	1.536	0.010	0.100	1.610	0.040	
2.008	0.010	0.500	1.902	0.000	0.393	1.679	0.132	
1.257	0.009	0.186	1.018	0.000	0.317	1.846	0.307	
1.935	0.010	0.426	2.293	0.010	0.500	1.532	0.400	
1.430	0.000	0.100	1.808	0.010	0.334	1.966	0.040	
2.073	0.000	0.166	1.777	0.010	0.354	1.610	0.400	
1.782	0.000	0.110	1.764	0.010	0.500	1.850	0.260	
1.839	0.010	0.121	1.683	0.010	0.500	1.412	0.040	
1.944	0.010	0.100	1.920	0.010	0.100	1.432	0.400	
1.656	0.000	0.100	1.169	0.000	0.100	1.194	0.388	
1.936	0.000	0.471	2.078	0.010	0.100	1.690	0.167	
1.407	0.010	0.500	1.681	0.010	0.500	1.305	0.040	
1.820	0.010	0.500	1.423	0.010	0.468	1.651	0.111	
1.754	0.010	0.500	1.575	0.000	0.100	1.986	0.040	
1.745	0.010	0.500	1.652	0.000	0.100	1.869	0.400	
1.211	0.000	0.242	1.399	0.010	0.500	1.621	0.202	
1.663	0.010	0.448	2.023	0.010	0.285	1.428	0.040	
1.753	0.010	0.292	1.416	0.000	0.100	1.638	0.278	
1.687	0.000	0.500	1.567	0.010	0.396	1.771	0.367	
1.141	0.000	0.416	1.154	0.010	0.500	1.636	0.400	
1.389	0.010	0.332	1.507	0.010	0.123	1.316	0.400	
1.697	0.010	0.261	1.790	0.000	0.500	1.964	0.400	
1.874	0.000	0.500	1.617	0.000	0.349	1.142	0.088	
1.905	0.000	0.365	0.795	0.000	0.500	1.239	0.400	
1.981	0.010	0.100	1.399	0.010	0.500	2.010	0.247	
1.726	0.010	0.500	1.810	0.000	0.100	1.732	0.106	
2.044	0.000	0.500	1.159	0.010	0.500	2.037	0.040	
1.550	0.010	0.500	2.261	0.010	0.241	1.689	0.081	
1.901	0.000	0.100	1.936	0.000	0.389	1.308	0.040	
2.480	0.010	0.100	2.594	0.010	0.100	1.982	0.040	
1.842	0.000	0.325	1.783	0.010	0.500	1.895	0.040	
1.558	0.010	0.394	1.700	0.000	0.115	1.164	0.400	
1.866	0.010	0.213	1.666	0.007	0.295	1.394	0.400	
1.403	0.010	0.100	1.811	0.010	0.500	1.238	0.166	
1.921	0.000	0.100	2.107	0.010	0.107	1.616	0.348	
1.056	0.000	0.500	2.028	0.010	0.500	2.563	0.175	
1.648	0.010	0.100	1.125	0.010	0.100	1.757	0.087	
1.685	0.010	0.100	1.137	0.010	0.198	1.870	0.395	
1.699	0.010	0.100	1.826	0.010	0.100	1.693	0.141	
1.437	0.010	0.100	1.411	0.000	0.500	2.004	0.040	
1.466	0.010	0.500	1.917	0.010	0.500	1.532	0.040	
2.099	0.010	0.234	2.199	0.000	0.100	2.124	0.050	
1.802	0.000	0.500	1.346	0.000	0.500	1.507	0.040	
0.915	0.000	0.500	1.679	0.000	0.188	2.089	0.040	
1.693	0.000	0.500	1.874	0.000	0.500	1.658	0.040	
1.182	0.000	0.100	1.894	0.000	0.100	1.491	0.400	
2.114	0.010	0.211	2.030	0.000	0.500	1.964	0.040	
2.272	0.010	0.500	1.438	0.010	0.318	1.983	0.400	
1.389	0.000	0.188	1.595	0.010	0.340	1.534	0.400	
2.578	0.000	0.225	1.771	0.000	0.266	1.831	0.228	
1.596	0.000	0.500	1.762	0.010	0.500	2.884	0.400	
1.151	0.000	0.100	1.354	0.010	0.100	1.769	0.186	
1.180	0.000	0.500	1.386	0.000	0.498	1.775	0.400	
1.437	0.000	0.100	1.936	0.010	0.500	1.201	0.040	
1.587	0.010	0.436	1.704	0.010	0.500	1.429	0.400	
2.309	0.000	0.500	2.035	0.009	0.171	2.442	0.040	
1.075	0.000	0.100	1.899	0.010	0.101	1.425	0.040	
1.539	0.000	0.390	1.597	0.010	0.500	1.607	0.400	
1.465	0.000	0.100	1.910	0.000	0.500	1.404	0.040	
1.527	0.010	0.500	1.887	0.000	0.385	1.779	0.335	
2.357	0.010	0.500	1.952	0.010	0.457	1.778	0.197	
1.649	0.010	0.315	1.237	0.010	0.233	1.324	0.082	
1.651	0.010	0.249	1.701	0.010	0.211	1.512	0.040	
1.036	0.010	0.500	2.028	0.000	0.336	1.781	0.049	
1.608	0.010	0.500	1.459	0.010	0.287	1.385	0.040	
1.977	0.000	0.425	1.066	0.010	0.100	1.974	0.266	
1.024	0.010	0.500	1.680	0.000	0.100	1.503	0.108	
2.479	0.000	0.386	1.627	0.000	0.272	1.762	0.389	
1.324	0.010	0.500	1.218	0.010	0.384	1.203	0.400	
2.272	0.010	0.166	2.251	0.000	0.321	1.735	0.263	
1.817	0.000	0.338	2.157	0.000	0.325	1.698	0.224	
2.145	0.000	0.100	1.699	0.000	0.393	2.195	0.095	
1.682	0.010	0.500	1.798	0.010	0.500	1.768	0.156	
1.442	0.000	0.100	1.481	0.010	0.140	1.989	0.374	
0.918	0.000	0.500	1.555	0.010	0.100	1.003	0.161	
0.957	0.010	0.100	1.515	0.000	0.204	1.865	0.083	
1.377	0.010	0.500	1.861	0.000	0.500	1.635	0.040	
1.292	0.000	0.431	1.793	0.010	0.100	1.772	0.400	
0.974	0.000	0.230	1.629	0.000	0.336	0.996	0.040	
1.147	0.010	0.100	1.391	0.000	0.100	2.191	0.316	
1.492	0.000	0.400	1.092	0.010	0.500	1.790	0.040	
1.493	0.000	0.500	1.789	0.000	0.328	1.324	0.135	
1.795	0.000	0.100	1.855	0.010	0.500	1.308	0.400	
1.698	0.000	0.500	1.983	0.010	0.500	1.481	0.400	
1.200	0.000	0.366	1.867	0.000	0.197	2.102	0.094	
1.821	0.010	0.100	1.787	0.010	0.216	1.431	0.040	
1.371	0.010	0.353	0.774	0.000	0.452	1.962	0.400	
1.300	0.000	0.100	1.327	0.000	0.500	1.957	0.400	
1.378	0.000	0.342	1.936	0.000	0.100	2.050	0.251	
1.421	0.000	0.500	1.753	0.010	0.154	1.666	0.340	
1.732	0.010	0.124	1.462	0.010	0.322	1.820	0.128	
1.854	0.010	0.100	1.385	0.010	0.303	1.760	0.400	
1.800	0.000	0.100	1.804	0.010	0.326	1.682	0.400	
1.384	0.000	0.426	1.537	0.000	0.381	0.922	0.040	
2.682	0.000	0.100	1.845	0.000	0.151	2.114	0.065	
2.085	0.000	0.100	1.592	0.000	0.100	1.588	0.318	
1.818	0.000	0.100	1.761	0.000	0.500	1.824	0.083	
2.088	0.000	0.100	2.152	0.000	0.500	1.689	0.285	
1.404	0.010	0.214	1.816	0.010	0.100	1.854	0.060	
1.849	0.000	0.500	1.838	0.000	0.233	1.185	0.050	
1.077	0.010	0.324	1.862	0.000	0.373	0.947	0.176	
1.755	0.000	0.100	1.774	0.010	0.500	1.441	0.217	
1.606	0.000	0.100	2.325	0.010	0.410	1.498	0.040	
1.336	0.000	0.451	1.152	0.000	0.100	1.414	0.400	
1.800	0.010	0.357	1.961	0.010	0.100	1.532	0.040	
1.808	0.000	0.500	1.529	0.000	0.176	1.955	0.040	
1.672	0.010	0.500	1.706	0.010	0.127	1.301	0.400	
2.633	0.010	0.500	1.567	0.010	0.177	2.140	0.400	
1.894	0.010	0.454	1.298	0.000	0.370	2.250	0.375	
2.330	0.000	0.500	1.964	0.010	0.278	1.739	0.393	
1.785	0.010	0.100	1.839	0.010	0.252	2.375	0.187	
1.532	0.000	0.274	1.584	0.000	0.100	1.813	0.246	
1.837	0.000	0.500	1.228	0.010	0.251	1.927	0.040	
0.655	0.000	0.100	1.487	0.000	0.491	1.721	0.040	
0.883	0.010	0.100	1.477	0.010	0.500	1.511	0.227	
1.909	0.010	0.100	1.046	0.000	0.100	1.556	0.400	
1.735	0.000	0.500	1.891	0.010	0.425	2.033	0.040	
1.983	0.010	0.500	1.844	0.000	0.500	1.848	0.241	
0.996	0.000	0.100	2.140	0.010	0.168	1.302	0.040	
2.045	0.010	0.100	1.490	0.000	0.500	1.415	0.122	
1.944	0.000	0.100	1.834	0.000	0.170	1.394	0.400	
1.621	0.000	0.100	2.021	0.000	0.500	2.062	0.040	
0.759	0.010	0.271	1.999	0.000	0.500	1.984	0.041	
1.700	0.010	0.444	2.350	0.010	0.189	1.845	0.363	
1.420	0.000	0.500	2.370	0.000	0.100	1.112	0.400	
1.432	0.000	0.500	1.440	0.010	0.100	1.533	0.040	
1.446	0.000	0.349	1.804	0.010	0.500	2.049	0.141	
2.313	0.010	0.500	1.169	0.000	0.500	1.515	0.391	
1.871	0.000	0.335	1.670	0.010	0.273	2.096	0.400	
2.329	0.000	0.210	1.851	0.000	0.100	1.207	0.392	
1.363	0.010	0.500	1.850	0.000	0.231	1.556	0.040	
1.523	0.010	0.112	1.623	0.000	0.429	0.859	0.040	
1.897	0.000	0.500	1.779	0.000	0.193	2.002	0.329	
1.753	0.010	0.500	1.804	0.000	0.100	1.834	0.040	
2.516	0.010	0.474	1.155	0.010	0.100	1.858	0.349	
1.444	0.000	0.500	1.569	0.010	0.443	1.723	0.275	
1.821	0.010	0.263	1.872	0.000	0.164	1.319	0.135	
1.272	0.010	0.347	2.230	0.000	0.389	1.309	0.259	
1.600	0.000	0.500	1.896	0.010	0.100	1.531	0.400	
2.393	0.000	0.345	1.429	0.010	0.327	1.352	0.040	
1.627	0.000	0.100	1.696	0.000	0.100	1.469	0.040	
1.791	0.000	0.224	1.406	0.000	0.358	2.027	0.400	
1.314	0.010	0.496	1.014	0.000	0.266	2.375	0.193	
1.550	0.010	0.327	1.100	0.010	0.444	1.488	0.040	
1.905	0.000	0.216	1.859	0.000	0.206	1.646	0.400	
1.393	0.010	0.354	1.705	0.000	0.500	1.584	0.138	
1.250	0.000	0.100	2.135	0.000	0.500	1.370	0.040	
1.818	0.000	0.401	0.859	0.000	0.314	1.413	0.103	
1.663	0.000	0.155	1.555	0.010	0.100	1.445	0.040	
1.445	0.000	0.221	1.918	0.000	0.500	1.967	0.400	
1.229	0.010	0.149	1.542	0.010	0.100	1.947	0.040	
1.288	0.000	0.500	2.041	0.010	0.500	1.262	0.400	
1.288	0.000	0.100	1.447	0.010	0.100	1.899	0.040	
1.688	0.000	0.500	1.910	0.010	0.446	1.403	0.040	
1.890	0.010	0.183	1.833	0.010	0.472	2.090	0.040	
1.346	0.010	0.150	1.260	0.000	0.103	1.922	0.400	
1.460	0.000	0.280	1.317	0.010	0.497	1.792	0.086	
1.493	0.010	0.216	1.688	0.010	0.500	1.511	0.150	
2.644	0.000	0.476	1.163	0.000	0.100	1.421	0.130	
1.560	0.000	0.135	1.454	0.010	0.500	1.658	0.400	
1.818	0.000	0.100	1.573	0.010	0.100	1.709	0.400	
2.273	0.000	0.249	1.495	0.010	0.220	2.234	0.392	
1.705	0.010	0.100	1.343	0.000	0.219	2.156	0.287	
2.046	0.000	0.211	1.412	0.000	0.500	2.058	0.400	
1.845	0.010	0.100	1.242	0.000	0.500	2.195	0.400	
1.164	0.010	0.192	1.598	0.000	0.100	1.445	0.210	
1.201	0.010	0.100	1.413	0.000	0.500	1.426	0.040	
1.830	0.010	0.100	1.934	0.010	0.104	1.849	0.341	
1.477	0.000	0.100	1.947	0.010	0.500	1.815	0.400	
1.668	0.000	0.275	1.433	0.000	0.213	1.840	0.040	
1.723	0.005	0.100	1.678	0.010	0.324	1.167	0.266	
0.870	0.000	0.100	1.837	0.010	0.248	1.091	0.400	
1.833	0.000	0.254	1.311	0.000	0.500	2.264	0.397	
1.450	0.000	0.500	1.982	0.010	0.378	1.728	0.400	
1.531	0.000	0.100	1.999	0.000	0.500	1.404	0.229	
1.136	0.010	0.274	1.600	0.010	0.451	2.038	0.400	
1.640	0.010	0.309	1.718	0.010	0.233	1.630	0.400	
2.196	0.000	0.232	1.680	0.000	0.500	2.196	0.389	
1.576	0.000	0.100	1.934	0.000	0.100	1.952	0.040	
1.855	0.003	0.445	1.324	0.010	0.100	1.661	0.040	
1.829	0.010	0.436	1.546	0.010	0.100	1.984	0.040	
2.037	0.010	0.500	1.987	0.000	0.500	2.196	0.040	
1.871	0.010	0.109	1.389	0.010	0.100	2.067	0.301	
1.222	0.000	0.100	1.333	0.010	0.325	1.297	0.095	
1.750	0.000	0.500	0.768	0.000	0.500	1.417	0.040	
1.650	0.010	0.147	1.481	0.000	0.500	1.532	0.040	
1.896	0.000	0.500	2.275	0.010	0.500	2.221	0.162	
1.725	0.010	0.100	2.551	0.010	0.300	1.087	0.040	
1.741	0.000	0.100	0.891	0.000	0.500	0.799	0.388	
1.812	0.010	0.500	1.636	0.010	0.262	1.335	0.400	
1.796	0.010	0.100	1.876	0.010	0.448	1.285	0.040	
1.618	0.000	0.223	2.067	0.000	0.100	1.630	0.400	
1.813	0.010	0.100	1.638	0.000	0.430	2.065	0.369	
2.310	0.000	0.100	2.144	0.010	0.389	2.043	0.400	
1.220	0.010	0.119	1.422	0.010	0.109	1.507	0.040	
1.808	0.010	0.387	1.907	0.010	0.285	1.500	0.400	
1.665	0.000	0.500	1.042	0.000	0.286	1.527	0.317	
1.448	0.010	0.100	1.680	0.000	0.255	1.440	0.040	
2.217	0.000	0.179	1.652	0.010	0.500	1.981	0.244	
1.426	0.000	0.241	1.989	0.000	0.400	1.610	0.064	
1.340	0.010	0.296	1.526	0.000	0.500	2.026	0.090	
1.161	0.010	0.500	1.336	0.000	0.100	1.397	0.400	
1.598	0.000	0.235	1.269	0.010	0.100	1.643	0.040	
1.646	0.000	0.500	1.349	0.010	0.500	1.454	0.040	
1.838	0.000	0.100	2.027	0.010	0.500	2.230	0.040	
1.858	0.010	0.500	1.413	0.010	0.233	1.683	0.400	
2.052	0.010	0.100	2.188	0.010	0.500	1.621	0.208	
1.447	0.000	0.296	1.955	0.010	0.182	0.807	0.040	
1.965	0.000	0.267	1.906	0.010	0.480	2.011	0.400	
1.650	0.000	0.185	0.994	0.000	0.500	1.220	0.400	
2.062	0.000	0.363	1.455	0.000	0.385	1.957	0.296	
1.703	0.000	0.455	1.936	0.000	0.100	1.989	0.089	
1.111	0.000	0.500	1.787	0.000	0.100	1.587	0.040	
1.520	0.010	0.418	1.697	0.000	0.386	1.440	0.271	
1.587	0.010	0.500	1.844	0.010	0.100	2.013	0.241	
1.732	0.010	0.100	1.602	0.010	0.325	1.164	0.400	
1.432	0.010	0.100	2.010	0.000	0.500	1.011	0.040	
1.463	0.010	0.100	1.024	0.010	0.100	1.538	0.236	
1.253	0.010	0.100	1.253	0.010	0.100	1.360	0.192	
1.992	0.010	0.500	1.907	0.000	0.500	1.829	0.320	
2.359	0.000	0.332	1.515	0.010	0.349	1.488	0.107	
1.715	0.010	0.100	1.811	0.010	0.500	1.792	0.040	
1.644	0.000	0.500	1.843	0.010	0.100	1.704	0.079	
1.634	0.000	0.121	1.358	0.010	0.500	2.084	0.209	
1.490	0.010	0.398	1.760	0.000	0.100	1.642	0.040	
0.711	0.000	0.157	1.110	0.010	0.208	1.466	0.040	
2.245	0.000	0.499	1.873	0.010	0.202	1.523	0.400	
1.373	0.000	0.238	1.266	0.000	0.500	1.743	0.040	
2.150	0.010	0.214	1.918	0.000	0.100	1.269	0.317	
1.695	0.010	0.410	1.792	0.010	0.394	2.114	0.040	
1.602	0.010	0.100	1.781	0.010	0.100	1.813	0.297	
1.876	0.000	0.117	1.655	0.000	0.500	1.649	0.380	
1.498	0.010	0.170	1.726	0.000	0.135	1.672	0.400	
1.322	0.000	0.500	1.403	0.010	0.500	1.970	0.355	
1.400	0.000	0.500	1.814	0.010	0.100	1.697	0.400	
1.700	0.010	0.215	1.217	0.000	0.100	1.750	0.040	
1.263	0.010	0.500	1.174	0.000	0.500	1.594	0.040	
1.698	0.010	0.495	1.161	0.010	0.500	2.374	0.040	
1.663	0.000	0.100	2.459	0.000	0.414	1.225	0.040	
1.747	0.000	0.114	1.302	0.000	0.100	1.793	0.400	
1.709	0.010	0.100	1.668	0.000	0.500	1.483	0.040	
1.296	0.010	0.500	1.860	0.010	0.500	1.500	0.040	
1.575	0.000	0.404	1.688	0.010	0.100	1.888	0.400	
0.882	0.010	0.500	1.961	0.000	0.108	1.619	0.246	
1.451	0.000	0.163	1.716	0.000	0.180	1.255	0.400	
1.095	0.000	0.172	1.654	0.000	0.311	1.857	0.040	
1.981	0.000	0.500	2.093	0.010	0.193	2.175	0.400	
1.967	0.000	0.253	2.219	0.000	0.100	1.765	0.400	
0.860	0.000	0.100	1.596	0.000	0.405	1.292	0.103	
1.719	0.010	0.333	1.975	0.010	0.100	1.985	0.400	
1.503	0.010	0.100	1.341	0.010	0.100	2.015	0.400	
1.675	0.010	0.500	1.526	0.000	0.100	1.447	0.040	
1.503	0.010	0.500	1.562	0.000	0.100	1.922	0.040	
1.545	0.010	0.233	0.941	0.000	0.246	1.983	0.400	
1.727	0.010	0.100	1.929	0.010	0.100	1.740	0.400	
2.191	0.000	0.100	1.716	0.000	0.100	1.524	0.400	
1.728	0.010	0.100	1.118	0.000	0.100	1.184	0.400	
1.735	0.010	0.201	2.095	0.000	0.100	1.046	0.299	
1.679	0.000	0.100	1.312	0.010	0.100	2.042	0.040	
1.346	0.000	0.100	0.921	0.000	0.356	1.366	0.040	
1.667	0.010	0.426	1.391	0.000	0.338	1.995	0.400	
1.069	0.010	0.464	1.690	0.000	0.363	1.481	0.043	
1.163	0.010	0.427	1.069	0.010	0.100	1.894	0.400	
1.476	0.000	0.500	1.354	0.010	0.500	1.542	0.333	
1.836	0.010	0.500	1.435	0.000	0.500	1.810	0.319	
1.201	0.010	0.431	1.677	0.000	0.179	1.971	0.349	
1.418	0.000	0.500	1.329	0.008	0.191	0.970	0.400	
1.544	0.000	0.500	2.058	0.000	0.100	1.338	0.196	
1.284	0.010	0.428	1.830	0.000	0.340	1.511	0.400	
2.376	0.000	0.344	1.342	0.000	0.100	1.195	0.400	
1.102	0.000	0.298	2.481	0.010	0.100	1.542	0.065	
1.623	0.010	0.100	1.472	0.010	0.100	1.744	0.400	
1.870	0.000	0.195	2.084	0.010	0.141	1.708	0.283	
1.386	0.010	0.500	1.531	0.010	0.437	1.672	0.040	
1.525	0.000	0.233	1.264	0.000	0.100	1.746	0.040	
2.518	0.000	0.100	1.346	0.010	0.463	0.916	0.400	
1.636	0.000	0.363	1.299	0.010	0.135	1.976	0.281	
1.466	0.010	0.100	1.676	0.000	0.100	1.881	0.390	
2.180	0.000	0.100	1.819	0.010	0.124	1.155	0.061	
1.577	0.000	0.100	1.900	0.000	0.100	2.193	0.400	
1.570	0.000	0.235	1.995	0.010	0.350	1.376	0.122	
1.261	0.010	0.500	1.812	0.010	0.494	2.047	0.308	
1.927	0.000	0.500	2.187	0.010	0.389	1.688	0.040	
1.621	0.010	0.100	1.944	0.010	0.221	1.621	0.400	
1.638	0.010	0.353	0.867	0.010	0.100	1.884	0.040	
1.363	0.000	0.100	1.959	0.010	0.338	2.015	0.040	
1.907	0.010	0.500	2.136	0.000	0.100	1.935	0.400	
1.518	0.000	0.500	1.736	0.010	0.500	1.187	0.040	
1.122	0.010	0.100	2.205	0.000	0.435	0.913	0.400	
1.745	0.010	0.148	1.441	0.000	0.500	1.896	0.385	
1.824	0.000	0.455	2.124	0.000	0.500	2.357	0.040	
2.032	0.010	0.236	2.064	0.010	0.100	1.692	0.040	
1.798	0.010	0.100	1.444	0.010	0.250	1.650	0.155	
1.458	0.000	0.500	2.206	0.010	0.100	1.448	0.400	
1.823	0.000	0.500	1.352	0.010	0.265	2.154	0.053	
1.620	0.010	0.500	1.357	0.000	0.500	1.613	0.040	
1.896	0.010	0.167	1.958	0.010	0.183	1.087	0.400	
1.732	0.000	0.500	2.036	0.000	0.100	2.262	0.184	
1.559	0.000	0.100	2.016	0.010	0.100	1.436	0.096	
1.980	0.000	0.500	1.468	0.010	0.306	1.411	0.400	
1.344	0.010	0.136	1.992	0.010	0.100	2.293	0.040	
1.481	0.000	0.308	2.037	0.000	0.171	0.837	0.040	
1.893	0.010	0.404	1.845	0.010	0.100	2.103	0.381	
1.254	0.000	0.100	1.658	0.000	0.500	1.712	0.320	
2.199	0.010	0.100	1.398	0.010	0.294	2.084	0.240	
1.153	0.010	0.500	1.766	0.000	0.500	1.826	0.400	
1.289	0.000	0.178	1.590	0.000	0.100	1.918	0.046	
2.331	0.010	0.404	1.409	0.010	0.410	1.715	0.040	
1.730	0.000	0.500	1.159	0.000	0.500	1.386	0.400	
1.978	0.000	0.100	1.463	0.000	0.100	1.316	0.040	
1.286	0.000	0.200	1.662	0.010	0.361	1.399	0.040	
1.926	0.010	0.475	1.837	0.000	0.100	1.713	0.142	
1.837	0.000	0.500	1.772	0.010	0.500	1.815	0.040	
1.244	0.000	0.500	1.554	0.010	0.263	1.580	0.400	
1.749	0.000	0.500	1.598	0.010	0.500	1.535	0.168	
1.015	0.000	0.162	1.149	0.000	0.100	1.691	0.295	
1.561	0.000	0.100	0.862	0.000	0.253	1.907	0.040	
1.311	0.000	0.100	0.920	0.010	0.181	2.248	0.040	
2.050	0.000	0.398	1.410	0.000	0.100	2.246	0.400	
2.013	0.010	0.500	1.789	0.010	0.100	1.260	0.195	
1.914	0.010	0.307	1.647	0.000	0.500	1.890	0.299	
1.006	0.000	0.271	2.137	0.000	0.500	2.209	0.338	
2.009	0.010	0.100	1.547	0.000	0.500	0.839	0.356	
1.298	0.000	0.100	1.590	0.010	0.500	1.558	0.040	
2.057	0.000	0.500	1.637	0.010	0.500	2.486	0.143	
1.352	0.000	0.100	1.038	0.000	0.500	1.626	0.263	
2.044	0.000	0.401	1.466	0.010	0.313	1.654	0.400	
2.116	0.010	0.250	1.862	0.010	0.100	1.274	0.332	
1.682	0.010	0.500	1.304	0.010	0.470	1.765	0.400	
1.491	0.000	0.500	1.434	0.000	0.250	1.534	0.133	
1.746	0.000	0.386	1.194	0.010	0.304	2.227	0.347	
1.348	0.010	0.289	1.754	0.000	0.124	1.569	0.040	
2.037	0.000	0.500	1.245	0.000	0.309	2.074	0.400	
1.617	0.000	0.392	1.753	0.000	0.500	1.988	0.332	
1.205	0.010	0.396	2.132	0.010	0.500	1.601	0.197	
1.081	0.000	0.407	2.000	0.010	0.100	1.951	0.400	
1.266	0.000	0.107	1.471	0.000	0.500	1.733	0.400	
1.793	0.000	0.403	1.405	0.010	0.100	1.561	0.400	
1.859	0.000	0.500	1.205	0.000	0.500	1.951	0.040	
2.336	0.010	0.409	1.923	0.010	0.500	1.695	0.314	
1.508	0.000	0.283	1.996	0.010	0.100	1.552	0.362	
2.124	0.000	0.100	1.890	0.010	0.161	1.535	0.102	
1.623	0.000	0.500	1.111	0.000	0.500	1.584	0.299	
1.559	0.010	0.364	1.224	0.010	0.100	1.442	0.040	
1.425	0.000	0.500	1.792	0.000	0.100	1.668	0.358	
1.830	0.000	0.465	1.655	0.000	0.288	1.684	0.272	
1.453	0.000	0.100	1.685	0.010	0.500	1.729	0.040	
1.876	0.000	0.500	1.977	0.000	0.500	1.447	0.400	
1.784	0.000	0.344	1.811	0.000	0.113	1.637	0.040	
1.006	0.010	0.100	1.969	0.010	0.100	1.494	0.040	
1.055	0.010	0.500	1.352	0.010	0.500	1.862	0.400	
1.721	0.010	0.500	2.278	0.010	0.268	1.389	0.040	
2.045	0.000	0.100	1.897	0.000	0.215	1.150	0.040	
1.829	0.010	0.463	1.507	0.010	0.100	2.273	0.400	
1.573	0.010	0.100	1.887	0.000	0.268	1.385	0.270	
1.316	0.000	0.328	1.434	0.000	0.221	1.030	0.040	
1.601	0.010	0.147	1.395	0.010	0.100	1.465	0.040	
1.789	0.010	0.100	1.993	0.000	0.500	2.006	0.149	
1.581	0.000	0.100	1.967	0.000	0.182	1.550	0.095	
1.540	0.000	0.388	2.191	0.000	0.188	1.424	0.400	
2.148	0.010	0.100	1.115	0.000	0.500	1.665	0.400	
2.143	0.010	0.399	2.072	0.000	0.500	1.840	0.301	
1.632	0.000	0.500	1.398	0.010	0.500	1.599	0.383	
1.329	0.000	0.270	1.444	0.000	0.500	1.537	0.368	
1.786	0.000	0.500	1.574	0.010	0.100	1.354	0.400	
1.340	0.000	0.500	1.604	0.000	0.437	1.118	0.058	
1.536	0.010	0.100	1.538	0.000	0.303	1.639	0.040	
1.754	0.010	0.100	1.170	0.010	0.201	2.200	0.040	
1.418	0.010	0.191	1.871	0.010	0.362	2.356	0.040	
1.062	0.000	0.500	2.044	0.000	0.100	1.592	0.040	
1.336	0.010	0.357	1.744	0.010	0.303	1.962	0.040	
1.595	0.010	0.500	1.762	0.010	0.500	1.977	0.400	
1.579	0.010	0.362	1.432	0.000	0.100	1.642	0.400	
1.269	0.010	0.100	1.750	0.010	0.275	1.304	0.040	
1.519	0.010	0.140	1.351	0.010	0.149	1.362	0.395	
1.699	0.010	0.298	1.251	0.000	0.500	1.703	0.040	
1.788	0.010	0.500	2.131	0.000	0.500	1.908	0.366	
1.542	0.010	0.306	1.750	0.010	0.430	1.800	0.067	
2.123	0.000	0.100	1.879	0.010	0.500	1.930	0.376	
1.969	0.000	0.100	1.453	0.010	0.100	1.389	0.400	
1.555	0.000	0.365	1.761	0.010	0.500	0.486	0.400	
1.996	0.010	0.100	1.535	0.000	0.100	1.579	0.072	
1.207	0.010	0.500	1.272	0.010	0.271	0.986	0.055	
2.193	0.000	0.100	1.377	0.010	0.100	1.530	0.400	
1.715	0.000	0.500	1.722	0.010	0.500	2.296	0.155	
2.052	0.000	0.259	1.719	0.000	0.500	2.172	0.388	
1.510	0.000	0.100	2.000	0.000	0.500	1.624	0.040	
2.042	0.010	0.372	1.267	0.000	0.500	1.331	0.040	
2.016	0.010	0.499	1.616	0.000	0.500	1.617	0.270	
2.030	0.010	0.100	1.330	0.000	0.337	1.813	0.400	
2.041	0.010	0.181	1.376	0.000	0.347	1.764	0.135	
1.870	0.010	0.230	1.880	0.010	0.100	2.326	0.400	
1.673	0.000	0.500	1.325	0.000	0.500	0.953	0.354	
1.607	0.000	0.355	1.685	0.000	0.500	1.814	0.040	
2.120	0.010	0.100	1.470	0.000	0.100	1.703	0.040	
1.347	0.010	0.100	2.061	0.000	0.100	1.738	0.040	
1.520	0.010	0.100	1.766	0.000	0.500	1.458	0.127	
1.636	0.000	0.266	1.300	0.010	0.171	2.175	0.188	
1.795	0.001	0.500	2.356	0.000	0.356	1.351	0.252	
1.928	0.000	0.500	1.813	0.000	0.100	1.905	0.400	
1.661	0.010	0.128	1.656	0.010	0.500	1.683	0.155	
1.720	0.010	0.500	1.720	0.010	0.500	1.346	0.040	
1.660	0.010	0.500	1.514	0.010	0.100	1.876	0.141	
1.375	0.006	0.100	1.914	0.000	0.500	1.195	0.040	
1.320	0.010	0.100	1.354	0.000	0.285	0.910	0.074	
1.306	0.010	0.409	1.193	0.010	0.100	1.278	0.156	
1.744	0.010	0.160	2.181	0.010	0.299	1.385	0.400	
1.707	0.010	0.280	1.949	0.000	0.500	1.306	0.356	
1.165	0.010	0.500	1.243	0.010	0.100	0.974	0.400	
0.932	0.000	0.100	1.816	0.010	0.100	1.338	0.400	
1.581	0.000	0.434	1.387	0.010	0.435	2.054	0.400	
1.792	0.000	0.100	1.708	0.000	0.100	1.557	0.254	
0.895	0.000	0.481	1.970	0.000	0.500	1.747	0.227	
1.976	0.010	0.100	0.979	0.010	0.308	1.848	0.267	
1.351	0.010	0.100	0.992	0.010	0.100	2.344	0.068	
1.782	0.000	0.100	2.016	0.000	0.500	1.855	0.040	
1.546	0.010	0.259	1.303	0.010	0.420	1.193	0.400	
1.936	0.000	0.100	2.094	0.010	0.500	1.666	0.400	
1.495	0.000	0.222	2.370	0.010	0.333	1.208	0.400	
2.022	0.000	0.346	1.587	0.000	0.306	1.531	0.040	
2.090	0.000	0.500	1.644	0.008	0.100	1.036	0.400	
1.780	0.010	0.100	1.746	0.010	0.100	2.208	0.400	
1.295	0.010	0.500	1.755	0.010	0.500	1.447	0.040	
1.926	0.010	0.477	1.238	0.000	0.445	1.265	0.040	
2.158	0.010	0.100	1.676	0.000	0.500	2.216	0.040	
1.395	0.000	0.309	1.983	0.000	0.100	1.469	0.400	
1.662	0.000	0.163	2.241	0.000	0.500	1.468	0.400	
1.261	0.000	0.417	1.410	0.010	0.197	1.575	0.400	
1.726	0.010	0.500	1.538	0.010	0.100	2.442	0.040	
1.997	0.010	0.100	0.582	0.000	0.500	1.101	0.040	
1.459	0.000	0.488	0.655	0.000	0.500	1.606	0.264	
1.412	0.000	0.500	1.939	0.010	0.458	2.012	0.040	
1.117	0.000	0.500	1.695	0.000	0.216	2.692	0.400	
1.833	0.000	0.149	1.599	0.010	0.500	1.355	0.400	
2.023	0.000	0.500	1.671	0.000	0.500	1.624	0.040	
1.180	0.000	0.367	2.314	0.010	0.500	2.100	0.400	
1.734	0.000	0.500	1.510	0.000	0.100	1.144	0.044	
1.542	0.000	0.500	1.295	0.000	0.319	1.787	0.400	
2.192	0.000	0.500	1.883	0.010	0.100	1.372	0.400	
2.123	0.010	0.500	2.058	0.000	0.100	1.523	0.229	
1.789	0.000	0.187	1.368	0.010	0.166	1.794	0.400	
2.424	0.000	0.100	1.669	0.000	0.100	1.644	0.400	
2.004	0.010	0.180	1.361	0.010	0.108	0.783	0.139	
1.869	0.000	0.271	1.608	0.000	0.307	1.291	0.040	
1.644	0.010	0.100	2.289	0.000	0.100	1.641	0.055	
1.689	0.000	0.100	2.387	0.010	0.500	2.081	0.334	
2.413	0.000	0.100	1.533	0.010	0.500	1.182	0.139	
1.606	0.010	0.500	1.956	0.000	0.370	1.568	0.400	
1.808	0.000	0.100	1.606	0.000	0.189	1.746	0.400	
1.840	0.010	0.100	1.064	0.000	0.226	2.018	0.377	
1.515	0.000	0.151	1.341	0.010	0.110	1.221	0.081	
1.781	0.010	0.500	1.572	0.010	0.326	1.758	0.176	
1.374	0.000	0.500	1.944	0.000	0.500	1.790	0.400	
1.354	0.000	0.383	1.625	0.000	0.100	1.081	0.101	
2.088	0.010	0.500	1.501	0.010	0.500	1.618	0.207	
1.582	0.000	0.455	1.898	0.000	0.412	1.376	0.400	
2.170	0.010	0.196	1.650	0.000	0.500	2.253	0.400	
1.549	0.000	0.500	2.309	0.010	0.426	1.725	0.355	
1.204	0.010	0.100	1.337	0.010	0.100	1.850	0.306	
1.767	0.010	0.468	2.010	0.010	0.500	1.433	0.109	
1.837	0.000	0.411	1.386	0.010	0.115	1.975	0.393	
1.511	0.000	0.393	1.444	0.000	0.296	1.886	0.040	
1.191	0.010	0.206	1.852	0.000	0.175	1.566	0.400	
1.716	0.010	0.169	2.113	0.000	0.100	1.544	0.042	
1.935	0.010	0.360	2.396	0.010	0.100	2.198	0.400	
1.569	0.000	0.500	1.715	0.010	0.500	2.119	0.400	
1.896	0.010	0.129	1.707	0.004	0.100	1.158	0.400	
2.373	0.010	0.100	2.089	0.000	0.130	1.542	0.196	
1.291	0.000	0.500	1.219	0.000	0.500	1.429	0.400	
1.758	0.010	0.358	1.237	0.010	0.500	1.495	0.183	
1.545	0.000	0.223	1.805	0.000	0.191	1.290	0.400	
1.394	0.000	0.100	1.391	0.010	0.500	1.493	0.326	
1.061	0.010	0.500	1.461	0.010	0.415	1.648	0.040	
1.106	0.010	0.100	1.566	0.000	0.163	1.462	0.040	
1.795	0.000	0.100	1.691	0.001	0.364	1.891	0.053	
1.461	0.000	0.446	1.492	0.000	0.100	1.963	0.400	
1.553	0.000	0.340	1.726	0.000	0.500	2.456	0.250	
1.948	0.010	0.100	1.630	0.010	0.100	1.029	0.353	
1.388	0.009	0.263	2.368	0.000	0.100	0.765	0.258	
1.946	0.010	0.500	1.438	0.010	0.233	1.727	0.333	
1.427	0.010	0.100	1.344	0.000	0.305	1.483	0.040	
2.125	0.010	0.500	1.523	0.010	0.500	1.958	0.060	
1.899	0.010	0.500	1.656	0.010	0.469	1.346	0.400	
1.843	0.000	0.100	1.419	0.000	0.500	1.534	0.040	
2.135	0.000	0.500	1.433	0.010	0.500	2.209	0.040	
0.914	0.010	0.500	1.747	0.000	0.100	1.334	0.400	
1.903	0.000	0.219	1.833	0.010	0.314	1.557	0.400	
1.251	0.010	0.500	0.653	0.010	0.309	1.872	0.400	
1.128	0.010	0.153	1.591	0.010	0.100	1.562	0.400	
1.772	0.000	0.196	1.624	0.000	0.500	1.502	0.400	
1.172	0.010	0.481	1.236	0.000	0.500	1.439	0.055	
2.146	0.010	0.113	1.805	0.000	0.241	1.704	0.400	
1.806	0.010	0.500	1.604	0.010	0.500	1.741	0.235	
1.588	0.000	0.292	1.511	0.000	0.202	1.519	0.040	
0.781	0.000	0.100	1.716	0.000	0.500	1.692	0.040	
1.659	0.000	0.500	1.474	0.010	0.100	1.440	0.040	
2.045	0.000	0.100	1.226	0.000	0.500	1.667	0.400	
2.188	0.000	0.111	1.042	0.010	0.469	1.609	0.187	
1.759	0.010	0.100	1.983	0.010	0.251	1.979	0.284	
1.687	0.010	0.100	0.920	0.000	0.500	1.694	0.132	
2.060	0.010	0.500	1.648	0.000	0.100	1.498	0.400	
1.406	0.000	0.100	1.354	0.000	0.100	1.477	0.400	
1.709	0.010	0.500	1.665	0.000	0.100	1.671	0.056	
1.749	0.010	0.100	2.005	0.000	0.264	2.291	0.122	
1.679	0.000	0.198	2.044	0.010	0.100	1.086	0.040	
1.940	0.010	0.100	1.641	0.010	0.100	1.470	0.188	
1.377	0.000	0.500	1.818	0.000	0.500	1.378	0.400	
1.611	0.000	0.195	1.623	0.000	0.274	1.170	0.400	
1.936	0.000	0.125	1.590	0.000	0.500	1.395	0.400	
1.335	0.000	0.500	1.312	0.010	0.372	1.254	0.040	
2.049	0.000	0.100	2.048	0.010	0.333	1.475	0.040	
1.096	0.000	0.419	1.850	0.010	0.301	1.926	0.040	
1.663	0.010	0.100	1.354	0.000	0.500	1.407	0.400	
1.905	0.000	0.500	2.427	0.000	0.100	1.918	0.040	
1.706	0.000	0.100	2.079	0.000	0.100	1.704	0.040	
1.562	0.010	0.500	1.518	0.000	0.500	2.392	0.040	
1.961	0.000	0.100	1.024	0.000	0.500	0.963	0.330	
1.148	0.000	0.500	1.714	0.000	0.500	1.605	0.400	
1.877	0.000	0.411	1.261	0.010	0.500	2.112	0.223	
1.873	0.000	0.500	1.786	0.010	0.298	1.908	0.220	
1.586	0.000	0.339	1.967	0.000	0.500	1.278	0.040	
1.381	0.010	0.100	1.918	0.000	0.500	1.818	0.138	
1.562	0.000	0.449	2.065	0.000	0.500	1.183	0.400	
1.891	0.010	0.100	0.948	0.010	0.418	1.762	0.040	
1.071	0.000	0.100	1.417	0.010	0.221	1.990	0.400	
1.275	0.010	0.500	2.016	0.000	0.144	2.243	0.400	
2.155	0.000	0.100	2.169	0.010	0.500	1.382	0.197	
1.717	0.000	0.100	1.241	0.000	0.128	0.830	0.040	
2.050	0.000	0.500	1.990	0.000	0.290	1.783	0.400	
1.774	0.000	0.320	1.818	0.000	0.398	2.026	0.400	
1.651	0.010	0.315	1.745	0.000	0.500	1.502	0.400	
1.669	0.010	0.417	1.331	0.010	0.100	2.316	0.357	
1.818	0.010	0.500	1.611	0.010	0.414	1.079	0.280	
1.151	0.010	0.100	1.925	0.000	0.500	1.067	0.400	
1.422	0.010	0.500	1.611	0.000	0.100	1.244	0.040	
1.335	0.010	0.100	1.403	0.010	0.223	1.528	0.040	
2.048	0.010	0.100	1.647	0.010	0.100	1.375	0.232	
2.063	0.000	0.500	1.703	0.010	0.328	1.689	0.400	
1.787	0.000	0.100	1.535	0.000	0.100	1.539	0.040	
0.970	0.010	0.500	1.208	0.010	0.500	1.352	0.400	
1.375	0.000	0.500	1.396	0.010	0.447	2.082	0.400	
1.867	0.000	0.500	1.346	0.001	0.500	1.704	0.371	
1.926	0.000	0.100	2.512	0.000	0.167	2.075	0.400	
1.705	0.010	0.100	2.254	0.010	0.135	1.240	0.239	
2.003	0.005	0.302	1.940	0.010	0.247	2.130	0.400	
1.583	0.010	0.100	1.506	0.010	0.500	2.152	0.400	
1.682	0.000	0.100	2.047	0.010	0.100	1.552	0.351	
1.757	0.000	0.411	1.790	0.010	0.437	1.717	0.040	
1.338	0.010	0.100	1.937	0.010	0.193	1.014	0.400	
1.155	0.010	0.500	1.260	0.010	0.245	1.739	0.400	
1.251	0.010	0.500	2.147	0.000	0.500	1.612	0.040	
1.646	0.000	0.209	1.705	0.000	0.500	1.517	0.040	
1.680	0.010	0.129	1.175	0.010	0.500	1.608	0.153	
2.098	0.010	0.111	2.011	0.010	0.100	1.189	0.400	
1.769	0.000	0.100	2.078	0.010	0.100	1.831	0.400	
1.568	0.010	0.100	1.544	0.000	0.200	0.993	0.344	
0.966	0.000	0.189	1.484	0.010	0.100	1.607	0.253	
1.671	0.000	0.500	2.714	0.000	0.416	1.625	0.040	
1.302	0.010	0.100	2.256	0.000	0.100	1.703	0.305	
1.721	0.010	0.500	1.357	0.010	0.445	1.450	0.059	
1.436	0.010	0.500	1.374	0.000	0.100	1.867	0.400	
1.746	0.000	0.100	1.415	0.000	0.334	1.496	0.400	
1.418	0.010	0.500	1.604	0.010	0.331	1.670	0.400	
1.679	0.000	0.346	1.972	0.000	0.125	1.727	0.116	
1.774	0.000	0.265	1.191	0.010	0.359	1.446	0.400	
1.752	0.010	0.436	1.060	0.010	0.500	1.568	0.400	
1.503	0.010	0.394	1.477	0.010	0.180	2.048	0.040	
1.342	0.010	0.128	1.537	0.010	0.500	1.778	0.086	
1.604	0.010	0.100	1.955	0.010	0.124	2.294	0.164	
1.462	0.010	0.100	1.334	0.000	0.100	2.173	0.400	
1.802	0.010	0.500	2.136	0.000	0.100	1.501	0.040	
2.004	0.000	0.500	1.983	0.000	0.100	1.093	0.400	
2.192	0.000	0.483	1.683	0.010	0.100	1.386	0.040	
2.015	0.010	0.377	1.221	0.000	0.500	1.209	0.400	
1.889	0.000	0.498	1.792	0.010	0.245	1.546	0.269	
